# Marginal probabilities
1.0
3.94869272753e-16
4.74821605031e-26
5.71765792355e-19

# Transition Probabilities
0.999827330383 8.10032253244e-05 9.16663901282e-05 1.98421320086e-12 
3.90242696129e-05 0.999922904279 3.80053995298e-05 6.60513863926e-08 
1.60961179235e-05 0.000451817233879 0.999339704182 0.000192382466284 
0.00288753946452 9.57518817873e-08 1.15554264037e-06 0.997111209241 

# Emission Probabilities
0.999415230803 0.000584769197321
0.997487271831 0.00251272816852
0.994178348216 0.00582165178363
0.980842536833 0.0191574631668
