# Marginal probabilities
3.72683604435e-24
0.98814835487
0.0118415721934
1.00729369864e-05

# Transition Probabilities
0.999934502754 5.60426477733e-05 9.45450538722e-06 9.27340156463e-11 
8.22077558524e-05 0.999684737301 0.000189525115076 4.35298281772e-05 
0.00127976999437 3.44866328269e-06 0.998705653127 1.11282157488e-05 
1.83447513953e-07 1.2172860371e-05 0.00508830192492 0.994899341767 

# Emission Probabilities
0.999137264395 0.000862735604974
0.996919350138 0.00308064986217
0.992014521994 0.00798547800565
0.979085833761 0.020914166239
