# Marginal probabilities
2.34649053104e-17
0.99465703661
0.00530640715342
3.65562368047e-05

# Transition Probabilities
0.999884615596 0.000104853317551 1.04207309092e-05 1.10355288617e-07 
0.000275557198587 0.999650073828 7.36694607255e-05 6.99512206121e-07 
0.000291822017649 0.000955512484572 0.998737649328 1.50161693551e-05 
0.000493044144892 0.00175610662146 0.00277284464956 0.994978004584 

# Emission Probabilities
0.999807181537 0.000192818462615
0.997935248729 0.00206475127074
0.997652443548 0.00234755645193
0.998704499137 0.00129550086304
