# Marginal probabilities
7.72166514804e-18
1.0
2.95316528605e-23
6.00687114672e-18

# Transition Probabilities
0.999944051781 4.1936217559e-05 1.39973380469e-05 1.46637182499e-08 
0.000197138321625 0.999713918414 8.86625381786e-05 2.80726124259e-07 
0.000321168078478 0.000379753781448 0.99928890015 1.01779898532e-05 
0.00223286343511 0.00145778380374 0.00676596203649 0.989543390725 

# Emission Probabilities
0.998132172732 0.00186782726766
0.99255007658 0.00744992341996
0.979866771802 0.0201332281976
0.993616904636 0.00638309536363
